SRS = EPSG:32610
DOMAIN_TE = 578818.289967262 4370542.35083864 638818.289967262 4430542.35083864
WX_TE = 572818.289967262 4364542.35083864 644818.289967262 4436542.35083864
WX_BEGIN =  2011-01-30 00:00
WX_END = 2011-01-30 00:00
CENTER_LON = -121.7298583984375
CENTER_LAT = 39.74784469604492
