SRS = EPSG:32610
DOMAIN_TE = 644787.159647362 4335348.81059968 704787.159647362 4395348.81059968
WX_TE = 638787.159647362 4329348.81059968 710787.159647362 4401348.81059968
WX_BEGIN =  2011-01-30 00:00
WX_END = 2011-01-30 00:00
CENTER_LON = -120.9695053100586
CENTER_LAT = 39.419960021972656
